classification_report : 
              precision    recall  f1-score   support

           0     0.8815    0.8878    0.8846       980
           1     0.9152    0.9700    0.9418      1135
           2     0.8219    0.8140    0.8179      1032
           3     0.8519    0.7802    0.8145      1010
           4     0.8970    0.8157    0.8544       982
           5     0.7563    0.8105    0.7825       892
           6     0.7771    0.8914    0.8303       958
           7     0.8788    0.8181    0.8474      1028
           8     0.7624    0.8203    0.7903       974
           9     0.8626    0.7780    0.8181      1009

    accuracy                         0.8402     10000
   macro avg     0.8405    0.8386    0.8382     10000
weighted avg     0.8427    0.8402    0.8401     10000

confusion_matrix : 
[[ 870    0   11    1    0   17   58    1   22    0]
 [   0 1101    6    2    1   11    4    1    8    1]
 [  23   15  840   23    4   17   34   23   51    2]
 [  10   11   47  788    2   62   17   23   41    9]
 [   5   13   20    2  801   22   44    4   25   46]
 [  22    3   11   36    4  723   45   11   31    6]
 [  30   10   13    0   19   19  854    1   12    0]
 [   2   29   39    9   13   27    4  841   29   35]
 [  16    7   24   30   11   24   29    8  799   26]
 [   9   14   11   34   38   34   10   44   30  785]]